RTT_ms
1
32
27
28
27
28
27
26
27
29
26
33
26
25
26
28
28
27
29
27
25
25
25
25
24
31
25
26
25
26
23
31
31
30
26
29
25
53
27
26
26
27
25
24
26
24
26
24
23
24
25
30
25
25
24
23
25
26
25
25
24
25
23
23
25
25
25
25
26
26
24
30
26
25
34
30
36
35
28
30
28
29
28
26
25
28
43
43
37
30
31
31
30
27
31
28
27
26
27
26
25
25
26
26
29
25
25
26
25
26
28
27
24
26
26
26
28
26
27
26
27
29
24
30
29
24
25
28
25
27
25
25
25
25
25
27
23
30
27
24
27
27
27
26
26
24
25
30
37
26
28
35
24
28
27
26
28
24
34
25
24
26
25
27
26
26
24
24
24
24
24
25
26
24
26
26
26
27
24
24
25
25
27
26
25
28
25
25
25
26
26
24
27
24
27
25
24
25
26
30
29
26
28
25
26
29
27
25
26
26
24
31
26
26
26
25
33
26
30
25
27
27
27
25
24
24
25
24
29
38
30
31
30
29
33
28
29
28
26
27
26
26
25
25
25
25
29
25
27
27
26
26
25
29
26
26
25
25
28
25
32
26
25
24
24
27
25
23
25
26
24
25
25
25
24
27
25
26
28
23
24
25
26
24
25
31
28
31
28
24
25
25
26
25
24
26
23
25
27
25
25
25
25
26
25
33
30
25
26
31
26
27
28
26
28
27
26
28
26
28
26
26
25
25
26
25
27
28
27
25
26
27
27
27
26
29
36
36
30
45
37
42
29
29
42
42
27
36
33
29
26
26
27
27
25
25
30
31
26
26
26
26
25
26
25
26
25
28
27
24
25
33
28
29
24
25
24
26
29
27
31
25
27
26
25
29
25
25
28
25
25
27
27
25
25
26
27
26
26
25
27
27
26
25
26
25
29
26
33
26
27
27
25
26
27
34
26
26
41
25
28
26
27
32
25
28
36
59
32
33
34
28
31
28
29
29
26
26
27
26
30
26
28
27
29
29
28
28
25
28
28
27
27
27
26
27
29
31
26
27
30
28
31
28
28
26
30
25
26
27
28
28
30
27
24
27
26
25
29
40
38
33
29
29
28
29
31
27
28
28
30
27
26
29
27
29
29
29
27
27
27
28
26
26
26
26
25
27
27
27
25
25
30
27
27
27
25
26
27
30
26
28
27
24
28
27
26
25
27
26
28
29
26
26
25
28
29
29
28
31
28
27
31
28
32
29
26
25
27
27
26
27
27
26
25
34
26
29
25
27
27
26
28
27
27
25
27
28
25
25
26
27
23
23
25
27
24
24
26
24
28
38
24
29
30
26
31
27
26
28
27
27
26
26
30
26
28
37
28
31
27
27
26
35
28
26
28
27
32
28
28
33
26
26
27
27
30
27
25
34
34
29
32
29
31
27
28
27
27
34
26
26
26
27
25
27
26
30
38
24
26
39
25
25
39
25
26
24
26
26
26
25
27
28
27
27
28
33
27
28
26
26
25
25
24
26
28
35
29
26
29
28
27
26
27
26
26
33
26
32
26
29
25
26
31
30
28
25
25
26
26
28
26
31
26
25
35
25
28
26
28
29
26
25
36
24
32
29
29
25
28
26
24
26
29
26
30
26
26
26
25
25
26
25
26
26
26
25
27
25
25
27
25
26
28
30
26
25
28
28
30
28
31
26
33
26
33
25
27
28
25
26
27
27
27
29
29
25
27
27
25
27
34
27
34
27
26
27
31
25
28
28
27
28
26
33
32
32
26
30
26
27
32
25
26
28
27
29
25
30
28
25
28
28
25
27
31
26
26
27
25
27
25
27
26
31
30
27
28
26
30
24
25
25
26
25
26
25
25
29
25
27
27
27
26
25
