RTT_ms
0
30
37
32
37
30
35
36
36
36
25
28
25
28
24
24
25
24
24
29
24
24
24
28
24
23
23
28
27
24
23
31
23
24
23
24
22
27
25
28
24
26
24
23
24
34
32
28
25
26
30
26
25
25
26
25
32
24
25
30
28
26
26
28
30
31
28
28
28
26
26
35
32
30
35
33
32
33
28
30
29
28
27
29
27
27
28
28
27
36
29
27
28
27
41
27
26
27
27
29
27
27
25
27
28
27
27
26
28
32
28
28
36
28
31
27
35
35
37
37
31
32
31
32
31
30
34
31
32
43
34
40
37
39
44
31
33
35
33
36
36
31
33
34
32
37
42
32
33
33
35
36
43
33
57
43
38
34
36
41
39
35
31
31
34
31
30
29
34
29
32
34
28
27
28
26
24
23
23
25
24
24
23
26
22
23
22
26
22
22
22
22
27
22
23
25
26
26
29
28
28
26
27
26
25
26
27
27
28
28
28
27
26
27
28
26
27
47
28
26
26
27
26
28
25
27
29
27
34
26
26
26
26
27
25
33
25
27
32
28
26
27
27
28
28
31
28
28
27
29
26
26
27
25
29
28
29
25
26
26
29
30
26
26
27
26
25
25
25
29
28
25
30
25
27
27
26
27
26
32
27
27
28
27
28
25
26
26
26
28
27
29
27
26
26
29
29
29
26
27
29
26
26
36
26
25
31
27
36
26
32
31
31
31
29
57
29
31
34
32
32
33
39
34
35
40
35
39
46
40
33
43
36
32
32
33
34
30
35
32
31
32
38
37
31
30
36
30
37
35
31
42
34
37
32
32
34
30
35
35
35
31
31
31
39
36
32
32
31
36
31
32
33
35
32
32
33
41
37
30
31
33
34
39
33
29
34
31
33
31
39
28
33
36
31
32
36
30
32
36
32
31
31
32
29
33
33
36
33
35
34
31
33
30
30
36
30
35
37
30
30
32
30
29
30
30
38
41
44
32
34
41
37
33
31
34
31
32
33
30
31
34
42
29
28
40
36
35
41
30
35
33
31
32
42
46
35
36
35
32
37
31
37
34
42
32
39
40
48
37
37
32
36
32
33
30
31
40
32
39
31
30
33
32
31
39
36
30
34
30
33
29
28
30
32
36
30
28
33
32
30
30
32
31
30
32
32
33
30
31
34
31
36
34
38
39
31
36
31
30
43
35
31
35
36
43
32
40
44
40
42
41
42
32
31
32
39
47
31
29
32
35
31
60
40
30
46
43
38
34
36
43
33
31
31
34
35
31
49
49
34
32
33
41
39
32
33
32
33
33
33
32
30
34
30
40
30
36
34
33
35
31
37
34
32
33
30
30
31
32
31
35
40
32
31
31
35
31
31
41
35
31
32
34
37
33
32
33
30
33
32
44
31
34
31
36
32
32
31
39
32
34
35
31
31
35
35
30
30
32
41
30
30
32
28
28
37
34
30
30
37
33
30
29
31
36
30
38
30
29
33
31
30
35
30
32
36
33
30
37
30
30
29
43
31
29
34
40
31
36
31
29
31
31
36
37
32
35
36
32
31
37
30
31
37
30
30
29
38
29
30
32
35
30
32
33
29
41
32
42
30
34
32
31
32
30
32
31
34
31
41
33
31
29
33
30
31
31
29
28
31
30
30
34
30
31
31
29
36
33
30
30
30
33
39
28
35
30
33
35
30
30
39
31
32
30
28
26
31
26
26
26
30
26
28
25
25
27
25
26
27
25
29
33
28
29
37
29
33
28
32
29
33
34
32
36
35
38
33
41
34
34
30
32
31
31
28
30
30
36
41
31
33
34
34
37
39
31
35
31
29
37
31
30
36
30
30
30
32
31
37
32
32
35
32
34
39
27
39
31
36
29
28
28
31
29
28
29
29
29
29
35
33
29
31
37
34
39
31
31
33
33
31
37
28
32
30
28
27
32
26
33
39
29
31
43
32
34
32
42
35
38
32
33
32
34
31
30
31
33
33
29
29
30
31
32
30
28
29
31
42
35
30
36
29
31
38
31
33
31
39
38
30
30
29
29
40
29
30
38
37
29
29
39
40
37
33
37
38
41
30
32
38
31
50
41
31
37
35
32
34
31
37
33
31
33
34
33
30
39
39
34
33
31
40
39
35
33
33
34
31
31
31
30
31
37
30
34
32
37
31
35
32
35
29
37
30
32
31
34
31
31
36
37
29
30
37
31
30
36
29
30
30
30
31
35
30
34
32
29
33
29
36
30
34
31
31
34
36
32
38
29
39
30
30
30
30
36
39
35
37
38
33
28
30
41
34
36
32
30
34
31
30
29
34
33
55
30
31
34
40
33
33
30
37
40
32
33
31
38
30
34
31
30
32
31
32
34
33
37
36
34
34
32
40
34
38
28
36
31
32
32
30
29
31
32
32
41
30
30
30
40
35
30
31
30
39
32
28
29
32
37
29
29
36
32
37
30
30
29
30
32
29
33
32
32
33
32
29
39
31
35
30
31
31
31
35
32
31
32
32
32
29
31
33
31
33
28
31
34
33
30
38
