RTT_ms
0
22
23
23
28
27
23
30
26
25
24
22
25
23
24
23
25
23
25
28
27
27
24
23
23
23
23
24
27
24
26
24
24
23
24
27
26
30
25
25
54
23
24
29
24
23
25
25
24
23
24
24
25
24
23
31
24
24
23
23
25
23
23
24
24
22
25
23
23
23
27
24
24
27
25
24
35
30
23
23
29
24
30
24
23
23
26
24
25
23
23
25
29
23
24
25
25
26
24
24
27
23
24
26
28
24
23
26
23
23
25
25
25
28
30
26
24
31
28
24
26
25
25
27
24
28
26
24
23
27
25
25
25
25
23
25
23
23
24
25
23
24
22
25
23
25
25
22
25
23
24
23
25
23
24
24
23
23
24
24
24
25
25
23
25
24
24
24
24
24
31
24
31
25
23
23
23
23
26
26
24
23
24
23
22
23
23
26
23
28
30
25
23
23
23
23
27
23
24
23
22
23
22
23
28
24
24
25
24
23
25
24
25
23
23
23
22
23
24
24
25
25
26
24
23
24
24
24
25
23
28
23
24
24
23
27
27
22
22
23
25
28
23
26
26
30
28
27
27
30
27
35
27
25
25
25
26
26
33
26
28
25
28
27
27
26
25
26
27
32
29
32
30
33
30
30
30
31
33
27
28
31
27
27
28
29
33
25
29
29
29
27
25
26
28
27
27
30
26
40
31
29
29
29
30
30
29
29
29
30
31
34
32
33
34
32
29
39
33
32
32
33
35
31
31
29
34
30
30
30
29
37
31
30
34
31
33
32
31
31
29
30
29
30
37
29
30
31
51
32
32
32
34
33
31
36
31
33
30
31
33
28
36
29
38
30
32
31
35
30
32
28
37
32
30
31
33
29
30
39
32
29
32
31
35
30
31
29
30
30
38
28
31
30
30
32
35
38
28
28
29
30
29
30
30
33
45
31
35
33
32
29
29
29
34
36
32
37
28
29
34
38
30
31
30
30
31
30
30
28
29
37
29
34
36
27
30
34
30
31
34
33
30
34
29
36
27
31
27
31
28
28
28
29
31
29
34
29
30
29
31
31
30
29
33
29
29
43
31
30
32
32
30
33
30
29
30
32
31
29
32
29
30
38
30
34
31
30
31
31
25
25
26
26
28
29
25
27
30
29
29
29
28
28
29
28
30
29
27
29
27
25
30
25
30
28
27
27
28
30
29
27
29
29
28
53
30
33
30
29
38
30
29
32
29
31
28
28
28
27
27
29
28
28
27
32
27
29
29
28
28
27
31
30
28
28
28
26
27
28
32
29
27
26
29
29
32
32
31
27
28
27
29
27
27
28
27
26
32
31
28
30
27
30
29
36
33
27
30
29
29
30
30
31
30
35
27
29
31
29
29
41
30
32
32
31
33
44
33
39
34
33
36
42
38
34
35
42
43
44
44
43
37
32
31
29
32
33
29
34
30
29
31
27
29
31
