RTT_ms
2
27
30
37
40
31
31
28
28
31
39
28
33
30
25
25
25
33
24
24
33
24
27
24
33
26
30
26
27
25
29
33
25
25
26
25
27
27
25
26
26
27
31
24
25
25
25
26
27
25
25
25
25
26
30
26
25
26
25
27
25
26
25
26
29
26
25
24
28
25
26
26
32
27
25
28
29
26
25
25
25
25
26
24
24
25
25
25
25
25
28
30
25
27
25
26
30
26
32
25
24
25
26
29
24
26
27
25
25
25
28
25
26
26
25
24
26
26
26
25
25
26
25
24
25
27
25
24
25
26
25
26
25
25
26
25
27
26
28
26
30
31
24
25
25
24
28
29
25
29
26
26
26
28
24
25
29
28
27
26
26
28
25
24
24
25
25
25
26
35
26
26
25
25
25
25
27
27
29
26
25
25
27
30
27
34
33
32
28
36
37
29
33
32
37
33
32
37
37
37
33
30
34
30
30
36
30
32
30
0
32
0
32
0
31
38
33
0
0
0
27
28
28
0
30
26
0
26
0
27
0
26
0
0
0
28
0
26
0
0
0
0
0
26
0
0
25
27
26
27
0
29
0
0
30
30
26
26
0
0
28
0
0
0
0
27
0
0
27
0
28
0
27
0
28
30
28
28
27
35
30
27
37
25
28
29
26
35
27
27
29
27
26
28
30
27
25
25
26
26
27
29
26
26
27
29
27
29
25
26
25
27
30
27
26
26
25
29
29
27
30
26
24
26
27
28
26
25
28
26
27
27
25
28
27
27
27
27
32
27
27
29
28
38
29
31
30
28
28
30
28
28
26
25
27
27
25
33
25
26
27
30
33
25
25
24
25
26
29
26
25
25
26
28
32
25
26
26
33
26
28
28
26
30
29
28
39
29
40
35
42
30
28
31
32
37
31
29
27
28
25
27
32
31
26
26
26
27
27
33
24
27
28
28
27
26
28
28
26
30
27
26
27
29
27
27
29
35
36
30
26
29
29
28
28
30
27
35
28
28
25
34
27
27
35
33
27
26
32
29
30
36
28
34
26
26
28
28
33
28
29
29
31
50
40
33
38
36
32
31
42
37
33
28
30
30
28
37
27
26
27
35
29
28
29
29
26
27
29
38
28
27
32
30
36
27
28
28
27
27
27
29
28
34
29
28
29
29
30
27
32
26
26
25
32
29
26
26
27
25
25
29
29
25
27
36
31
30
29
35
31
28
31
28
30
30
28
36
26
25
25
26
32
26
33
25
37
36
29
34
31
34
30
35
29
27
27
29
27
26
27
26
26
28
28
32
25
35
36
41
47
56
57
57
56
53
52
46
51
46
52
38
38
34
42
40
38
40
34
34
39
36
34
39
34
39
34
37
44
44
43
30
33
36
37
36
44
34
41
43
32
32
36
36
36
33
50
45
39
42
43
47
31
38
48
33
39
43
32
45
41
32
45
36
35
30
40
42
38
36
35
36
37
37
36
40
48
40
34
43
40
38
38
45
47
34
43
50
45
34
42
38
47
40
34
36
36
40
37
41
39
33
34
46
37
38
41
31
49
38
42
45
32
33
37
42
33
40
37
44
54
59
43
49
39
42
42
50
39
56
33
36
38
42
35
39
36
35
36
39
35
45
39
39
32
39
32
35
36
33
39
44
39
40
47
42
51
37
35
41
30
52
41
57
35
34
46
32
38
36
31
46
33
45
36
33
43
34
37
32
36
40
36
37
32
34
36
32
32
33
33
33
38
38
40
40
37
36
40
50
46
53
37
52
42
47
52
54
38
36
38
42
43
39
37
34
45
38
41
37
35
39
33
35
40
44
41
35
41
40
36
39
41
46
35
37
39
37
35
43
38
36
34
44
36
38
42
46
33
41
33
34
38
33
35
45
35
50
47
39
37
41
37
35
35
47
33
38
33
33
45
32
31
43
35
35
40
35
35
36
46
43
39
36
36
40
33
35
34
41
37
36
35
37
44
38
35
38
35
40
34
35
45
51
32
33
51
42
36
48
47
34
40
42
43
34
32
41
32
38
36
36
41
32
35
41
39
44
36
46
35
40
33
39
30
42
41
31
33
34
37
31
42
36
33
40
33
34
38
32
42
41
30
35
40
32
41
37
34
33
40
34
38
35
32
37
31
43
35
41
28
41
42
38
30
41
38
29
39
33
36
40
30
31
39
31
34
48
31
34
39
42
40
33
31
45
34
35
32
40
31
35
41
31
33
35
36
46
43
41
43
44
34
34
50
33
36
41
43
37
40
33
45
38
40
35
47
33
43
35
37
44
40
37
40
45
37
35
44
36
34
44
33
42
36
41
35
46
33
32
36
37
51
60
39
32
34
39
35
61
29
37
35
38
40
44
33
44
42
38
43
50
34
33
36
36
39
42
37
34
37
43
42
37
31
37
41
42
34
36
43
36
37
46
46
36
33
38
40
45
33
45
44
41
45
39
38
47
47
33
40
31
34
54
31
42
34
34
50
35
31
29
44
34
45
38
50
35
35
31
43
37
31
33
33
34
37
46
38
35
44
35
43
46
39
43
40
34
36
44
47
41
45
49
44
42
36
41
36
43
48
43
40
41
37
36
40
43
33
37
33
41
43
43
31
40
36
33
35
36
38
40
31
47
35
41
38
42
31
42
38
42
34
39
43
38
43
45
34
36
33
30
30
30
30
32
27
32
35
36
34
36
34
63
36
37
37
39
47
43
39
41
39
30
34
36
32
32
31
30
30
31
33
36
33
31
30
28
35
31
31
29
31
30
33
42
27
30
31
30
35
34
32
31
30
32
46
34
30
37
43
52
47
45
38
51
49
43
46
50
46
47
50
45
40
48
38
54
47
34
44
35
34
38
45
35
35
42
40
35
36
35
35
47
42
46
41
45
46
42
39
43
36
42
37
35
34
33
50
33
37
40
36
40
29
31
43
33
28
37
31
31
41
40
30
35
28
30
26
27
26
31
34
28
34
40
32
33
43
44
36
50
44
35
35
40
36
41
35
33
35
50
38
41
39
32
40
37
58
48
41
34
40
42
37
33
32
36
36
34
43
37
33
33
39
36
37
36
32
36
38
37
36
40
38
33
46
41
38
48
40
33
43
37
36
43
40
41
37
46
33
38
31
35
37
40
38
34
33
44
35
39
38
38
32
36
50
46
34
39
38
46
38
49
33
41
44
37
44
34
48
35
35
37
35
39
35
42
34
44
40
42
38
42
38
37
38
38
30
31
29
37
33
33
30
29
30
32
31
33
31
36
31
29
29
31
30
38
34
38
31
34
36
44
33
34
33
34
41
37
31
31
43
36
35
34
31
31
34
30
36
34
29
35
38
32
41
36
31
41
34
44
43
59
35
37
43
37
35
39
35
36
35
42
33
36
36
38
41
35
32
41
32
32
34
34
38
35
30
37
33
40
33
40
41
50
36
34
43
37
34
33
46
33
42
37
35
33
33
38
34
46
40
36
43
43
33
43
40
34
40
35
40
38
38
41
44
36
35
38
45
41
43
36
38
34
38
39
46
42
33
36
32
39
39
43
36
52
34
40
45
36
38
36
34
43
35
40
40
36
38
46
36
37
41
39
41
36
39
45
42
49
31
35
38
48
36
38
33
32
34
36
37
39
38
31
39
34
37
39
32
30
42
37
33
38
34
32
35
42
37
42
44
42
46
41
34
42
35
45
37
41
38
39
44
41
44
34
40
56
32
37
38
40
34
43
32
34
36
51
41
37
40
35
37
44
36
45
32
33
40
34
39
44
32
32
43
33
34
41
41
40
41
34
31
44
42
35
41
39
43
39
36
39
42
43
42
36
33
49
44
39
43
40
34
38
35
34
43
44
41
38
37
36
35
44
35
34
44
40
41
40
40
37
36
37
38
47
31
35
34
42
36
40
32
45
43
35
39
36
50
41
39
34
40
36
39
39
35
35
39
37
37
35
43
40
43
50
34
34
38
37
34
33
37
36
36
39
37
36
37
40
36
33
36
42
34
34
33
34
34
34
34
37
37
35
34
45
32
39
37
37
34
35
33
33
40
37
41
34
34
38
42
32
36
35
35
35
39
38
50
36
37
40
40
45
32
35
39
33
45
33
37
36
38
44
34
36
37
37
36
41
35
43
38
34
49
35
41
35
34
35
41
34
38
46
43
44
32
35
36
40
42
35
33
34
34
35
38
47
41
40
36
36
40
41
39
36
35
48
35
46
36
45
40
39
34
35
32
39
33
39
43
44
53
38
50
35
35
41
31
37
33
38
38
43
44
38
35
42
38
49
39
